0 0.07290624999999999 0.36184375 0.11456249999999998 0.133015625
0 0.21125 0.416328125 0.07875 0.25240625
0 0.2254375 0.6557031249999999 0.12448437500000001 0.1964375
0 0.40923437500000004 0.730546875 0.099703125 0.20721875
0 0.33128125 0.48971875000000004 0.11046875 0.256828125
0 0.44859375 0.298 0.09509375 0.137265625
0 0.688625 0.55925 0.102953125 0.22576562500000003
0 0.57884375 0.742015625 0.112546875 0.16884375000000001
0 0.604109375 0.44690624999999995 0.086703125 0.12953125000000001
0 0.610578125 0.6320781249999999 0.101578125 0.12332812500000001
0 0.54903125 0.46020312499999994 0.098046875 0.176984375
0 0.45871874999999995 0.508140625 0.111890625 0.21381250000000002
0 0.506484375 0.62840625 0.099765625 0.12448437500000001