0 0.808578125 0.64221875 0.148390625 0.27364062499999997
0 0.580640625 0.762859375 0.14740625000000002 0.3100625
0 0.22828125 0.70471875 0.21004687500000002 0.222703125
0 0.734390625 0.48139062499999996 0.0590625 0.0491875
0 0.9444375 0.6872499999999999 0.111109375 0.32551562500000003
0 0.354640625 0.770671875 0.136375 0.2944375
0 0.39853125 0.567015625 0.14428125 0.137109375
0 0.176296875 0.44018750000000006 0.1998125 0.199453125
0 0.22404687499999998 0.5430937499999999 0.17840625000000002 0.144828125
0 0.073953125 0.6341249999999999 0.12359374999999999 0.20960937500000001
0 0.350203125 0.42853125 0.06498437500000001 0.096265625