0 0.1442857142857143 0.6408629441624365 0.20142857142857143 0.5050761421319797
0 0.3271428571428571 0.565989847715736 0.14285714285714285 0.40609137055837563
0 0.35428571428571426 0.47588832487309646 0.14 0.31725888324873097
0 0.49785714285714283 0.34390862944162437 0.13857142857142857 0.12944162436548223
0 0.5371428571428571 0.3756345177664975 0.18285714285714286 0.1598984771573604
0 0.5171428571428571 0.6243654822335025 0.19428571428571428 0.3680203045685279
0 0.7821428571428571 0.7296954314720813 0.19714285714285715 0.4263959390862944
0 0.7792857142857142 0.4543147208121827 0.10857142857142857 0.1751269035532995
0 0.8764285714285714 0.5291878172588832 0.11714285714285715 0.3299492385786802
0 0.91 0.31725888324873097 0.06857142857142857 0.24873096446700507
0 0.9728571428571429 0.45558375634517767 0.054285714285714284 0.3350253807106599