0 0.28467349551856597 0.10781321184510251 0.05548015364916773 0.10630979498861048
0 0.2112676056338028 0.2612072892938497 0.07084507042253521 0.1488154897494305
0 0.18480153649167735 0.4426651480637814 0.11523687580025609 0.1351480637813212
0 0.18651728553137004 0.6104783599088838 0.12206145966709346 0.16400911161731208
0 0.3772983354673496 0.5983371298405468 0.11609475032010244 0.19134396355353075
0 0.471190781049936 0.4176082004555809 0.13658130601792573 0.15792710706150342
0 0.5796030729833547 0.3310478359908884 0.0495134443021767 0.16400911161731208
0 0.3879641485275288 0.19134396355353075 0.06231754161331626 0.13970387243735763
0 0.3504097311139565 0.04783599088838269 0.06060179257362356 0.09567198177676538
0 0.42893725992317544 0.04328018223234624 0.04523687580025608 0.08656036446469248
0 0.47503201024327785 0.05391799544419135 0.04011523687580026 0.09567198177676538
0 0.4938156209987196 0.012915717539863326 0.06914212548015365 0.02580865603644647
0 0.7942765685019206 0.6332574031890661 0.13402048655569782 0.21259681093394078
0 0.9372599231754162 0.592255125284738 0.047797695262483994 0.2824601366742597
0 0.7686683738796415 0.19514806378132118 0.0793854033290653 0.1473120728929385
0 0.8463508322663252 0.19817767653758542 0.08450704225352113 0.14425968109339407
0 0.9641485275288092 0.1564236902050114 0.04695262483994878 0.1366742596810934
0 0.746056338028169 0.19287015945330296 0.027311139564660688 0.17920273348519364
0 0.3243661971830986 0.9236902050113895 0.056338028169014086 0.15261958997722094