0 0.790921875 0.743640625 0.29365625 0.511203125
0 0.487484375 0.567640625 0.16246875 0.357125
0 0.38115625 0.472171875 0.08175 0.21478125
0 0.46325000000000005 0.37196875 0.09665625 0.149796875
0 0.297890625 0.427703125 0.078421875 0.2265625
0 0.15615625 0.304171875 0.03453125 0.12184375
0 0.18557812499999998 0.29028125 0.034359375 0.149609375
0 0.24665625000000002 0.28228125 0.041921875 0.11625
0 0.285625 0.278515625 0.0504375 0.10525
0 0.09653125 0.24090625000000002 0.061125 0.07864062499999999
0 0.154125 0.209265625 0.047843750000000004 0.0709375