0 0.46567187499999996 0.4140625 0.1674375 0.171484375
0 0.579390625 0.307125 0.07890625 0.141625
0 0.774234375 0.17171875 0.0565625 0.13471875
0 0.837125 0.181078125 0.094375 0.1221875
0 0.938203125 0.5798281249999999 0.071234375 0.29353125
0 0.79371875 0.62834375 0.15340625000000002 0.21809375000000003
0 0.36871875 0.58659375 0.1298125 0.172015625
0 0.182171875 0.6105 0.13865624999999998 0.185890625
0 0.17696875 0.43393750000000003 0.115125 0.141015625
0 0.198484375 0.26584375 0.056671875000000003 0.156296875
0 0.27940624999999997 0.0975625 0.083109375 0.128765625
0 0.37625000000000003 0.18590625 0.06846875 0.15265625