0 0.87125 0.5478424015009381 0.0775 0.1651031894934334
0 0.86875 0.474671669793621 0.0625 0.0975609756097561
0 0.66375 0.5440900562851783 0.075 0.14446529080675422
0 0.52625 0.6397748592870544 0.14875 0.17448405253283303
0 0.451875 0.5112570356472795 0.1075 0.10318949343339587
0 0.27375 0.6322701688555347 0.0675 0.19887429643527205
0 0.210625 0.5131332082551595 0.11375 0.1894934333958724
0 0.068125 0.624765478424015 0.13625 0.18761726078799248
0 0.22 0.41088180112570355 0.05625 0.0600375234521576
0 0.315 0.4174484052532833 0.04125 0.07692307692307693
0 0.459375 0.40150093808630394 0.065 0.07879924953095685
0 0.605 0.3921200750469043 0.05125 0.06566604127579738
0 0.63875 0.36585365853658536 0.06875 0.07879924953095685
0 0.985 0.6641651031894934 0.03 0.13320825515947468