0 0.1757451403887689 0.5700000000000001 0.1941900647948164 0.3630827067669173
0 0.3651403887688985 0.648609022556391 0.2178401727861771 0.45665413533834587
0 0.4528509719222462 0.5898120300751879 0.2599784017278618 0.473984962406015
0 0.6840388768898488 0.4224812030075188 0.19399568034557235 0.42661654135338345
0 0.8227645788336932 0.4625187969924812 0.13660907127429806 0.3967669172932331
0 0.4612095032397408 0.3848496240601504 0.15529157667386612 0.17781954887218043
0 0.24606911447084234 0.23300751879699247 0.07568034557235422 0.26161654135338347
0 0.3454643628509719 0.1572932330827068 0.07840172786177105 0.266390977443609
0 0.4597840172786177 0.22045112781954887 0.1309719222462203 0.2249624060150376
0 0.1034989200863931 0.11823308270676691 0.07961123110151187 0.17090225563909775
0 0.1367170626349892 0.16838345864661655 0.07987041036717062 0.21338345864661654