0 0.335 0.4928571428571429 0.08 0.23333333333333334
0 0.46 0.5023809523809524 0.11 0.22380952380952382
0 0.69 0.5642857142857143 0.07 0.20476190476190476
0 0.6075 0.6261904761904762 0.09 0.11904761904761904
0 0.49875 0.6285714285714286 0.1075 0.12380952380952381
0 0.22375 0.6571428571428571 0.1225 0.17142857142857143
0 0.5775 0.7357142857142858 0.085 0.14761904761904762
0 0.4175 0.7476190476190476 0.055 0.22857142857142856
0 0.46 0.2976190476190476 0.08 0.1380952380952381
0 0.0825 0.3595238095238095 0.095 0.11904761904761904
0 0.21 0.4095238095238095 0.065 0.22857142857142856
0 0.60625 0.4595238095238095 0.0575 0.12857142857142856
0 0.54875 0.46904761904761905 0.0925 0.15714285714285714