0 0.7153236459709379 0.4689165186500888 0.08058124174372523 0.12788632326820604
0 0.5389696169088507 0.49644760213143874 0.08982826948480846 0.0941385435168739
0 0.31836195508586523 0.5719360568383659 0.07397622192866579 0.15630550621669628
0 0.4240422721268164 0.6003552397868561 0.06869220607661823 0.13143872113676733
0 0.2331571994715984 0.6358792184724689 0.07529722589167767 0.13854351687388988
0 0.5264200792602378 0.6634103019538188 0.059445178335535004 0.18650088809946713
0 0.6083223249669749 0.6847246891651865 0.07793923381770146 0.09769094138543517
0 0.6050198150594451 0.7255772646536413 0.04491413474240423 0.17584369449378331
0 0.15785997357992074 0.7557726465364121 0.1096433289299868 0.1438721136767318
0 0.21268163804491413 0.8197158081705151 0.0845442536327609 0.0905861456483126
0 0.6453104359313078 0.8818827708703375 0.0726552179656539 0.11545293072824156