0 0.2848911651728553 0.1082004555808656 0.05505761843790013 0.1070615034168565
0 0.2112676056338028 0.2608200455580866 0.07042253521126761 0.1480637813211845
0 0.1850192061459667 0.4430523917995444 0.11523687580025609 0.13439635535307518
0 0.18629961587708066 0.6104783599088838 0.12163892445582586 0.16400911161731208
0 0.37708066581306016 0.5979498861047836 0.11651728553137004 0.19134396355353075
0 0.471190781049936 0.417995444191344 0.13700384122919335 0.1571753986332574
0 0.5793854033290653 0.3314350797266515 0.0499359795134443 0.16400911161731208
0 0.3879641485275288 0.19134396355353075 0.06274007682458387 0.13895216400911162
0 0.3501920614596671 0.04783599088838269 0.06017925736235595 0.09567198177676538
0 0.42893725992317544 0.04328018223234624 0.04481434058898848 0.08656036446469248
0 0.47503201024327785 0.05353075170842825 0.03969270166453265 0.09567198177676538
0 0.49359795134443024 0.012528473804100227 0.06914212548015365 0.025056947608200455
0 0.79449423815621 0.6332574031890661 0.13444302176696543 0.21184510250569477
0 0.9372599231754162 0.592255125284738 0.04737516005121639 0.2824601366742597
0 0.7688860435339309 0.1947608200455581 0.0793854033290653 0.1480637813211845
0 0.8463508322663252 0.19817767653758542 0.08450704225352113 0.14350797266514806
0 0.9641485275288092 0.1560364464692483 0.04737516005121639 0.1366742596810934
0 0.7458386683738797 0.19248291571753987 0.026888604353393086 0.17995444191343962
0 0.324583866837388 0.9236902050113895 0.056338028169014086 0.15261958997722094